nh: 6
-1.07108328785 -1.45162621865 -0.492292739921 3.74661016092 1.66609131537 -3.51541556038 
0.779407754103 -0.804227085152 1.5107101183 -0.0139744062027 0.120821501925 -0.452042396612 
-0.364465315485 -1.03722392936 -0.0852323522031 0.810344484268 0.408397793229 -0.5014460734 
0.735378825215 0.917708779578 -2.35260341717 0.124539571149 -1.24444489014 -1.56804825594 
0.956593392894 -1.15309572482 1.70870175214 -0.324019095762 -4.99038903452 -2.91597316458 
1.14742540316 -0.947290377766 1.17278102993 0.52226237041 -0.554291305992 -2.93179833083 
0.877180100389 5.29197749473 -1.00909879082 -2.76587648619 -1.44280074265 -4.08931632026 
-0.0800516781939 3.25901188439 2.24940287252 0.482493826108 -0.956237213114 -0.915011566038 
1.06626261979 -0.118358048332 2.12188543625 -1.56116543849 0.455520068165 -3.66659828102 
2.44617752951 -1.20866565463 -1.05764507941 0.235295156267 -1.67660482086 -1.9731516876 
-4.13302747113 4.11942967123 1.71695615851 -0.115793340217 2.03492420403 -4.15614465348 
-0.715584606022 0.905116933311 2.63569948176 0.973184068411 -0.715747599837 2.13815327425 
2.31276709286 -1.7421226267 -0.61526288897 0.104212912151 0.206195369597 0.933583636091 
0.0774630936648 -1.07371746039 1.14718653385 -0.938771600079 2.02158966352 -3.00944607071 
0.0614769174877 -1.62039276716 1.20969121989 -1.21146403923 -3.26843331467 -1.80793257369 
2.03982184339 4.7621094549 -1.50916502183 -1.7321116342 -4.35867368328 -0.809983469365 
-0.110093344469 4.65623174222 0.598091601584 1.06846359073 -1.00583247022 -4.53934641308 
2.24331693365 0.843566596892 0.656004202381 0.156841664025 0.651049329351 -1.10514858108 
2.6412934867 0.125446746119 1.67996511134 -2.27432662258 0.176839399238 -0.0340103021966 
-0.109292983971 4.55369651874 -0.160206830019 -0.476013605016 -1.26905976724 -3.60438248213 
1.85410422912 -0.342214943774 0.165506750368 -2.16187247682 0.100797055361 -1.1611788844 
-0.526912337858 -0.333832785136 -0.0117828554016 -2.1160805044 -0.682136607534 -0.988917913562 
0.414593412437 2.09845259528 0.618319699277 -3.39409865034 -3.15908052358 -0.471137141807 
0.276184177643 4.25717618997 0.192883012082 -2.78625429573 -5.85550238908 -2.09140051284 
5.19168418867 -6.40373797839 0.208572539001 -2.04609497772 8.79594473515 -1.56413479794 
2.08473168161 -2.83790089757 -0.137601282242 0.132956821616 4.81025766359 0.253705072633 
1.71265381969 -7.02363853464 1.16527191142 3.19817063415 6.61583322187 4.36836530792 
-1.10195955383 2.2799337106 2.01653296268 -4.85158707542 1.64518647784 0.623624460928 
-0.428644862808 -3.77574510373 1.32338042362 1.24659750257 4.71502888486 3.22739649243 
-1.24450545151 -0.364478140787 0.271135448874 -0.888369395685 2.37410185846 0.730918525709 
-0.0313568641154 -0.594211607766 0.515322953515 1.49596028915 4.69430706422 1.49787285286 
0.399103381505 0.504776376241 -0.96488260116 -1.37294450385 1.20554657828 2.41103605289 
-0.875453064878 -0.0404231411652 2.34411907635 1.72175407394 -0.0283742564316 0.0463006644424 
-0.126675087567 -1.7874651879 0.272067771971 -1.61098522903 0.357036791196 -1.09463554077 
0.227595135828 -1.51130616729 -0.726519571319 0.689277906121 1.57133928147 4.58180114761 
-2.57421142527 -1.40530925407 0.425991876099 0.578350069187 0.625762560756 -2.59926853425 
5.00905101173 -0.629118263114 1.74795243341 -0.431663804176 0.252593778993 -0.567862777196 
0.163954783256 -2.26400445265 -1.02413997198 -1.06606848703 0.181854935484 0.720382305202 
-1.37400805777 -2.76456324207 -0.154851403903 1.6629493349 2.18662146366 4.21793737497 
-2.75820411731 -0.984147699519 1.91876768674 2.15401716823 -0.797119883338 0.0108427909518 
3.52654367847 -2.88760567928 1.57239858732 0.314813752403 1.86149517904 2.74101118931 
-1.06327147666 -2.29831790036 0.78744010798 3.6234121782 3.01512489487 3.8625893673 
-1.71372714667 -3.25716848524 1.84700765711 0.390323288539 2.88832435048 -2.21345691798 
-0.9286980684 -3.31343730197 1.30672205649 4.719902776 4.24049646091 1.30183680492 
-0.93835306364 -1.06244419639 1.51443796495 -1.17923564833 3.31914872661 3.60447807129 
-1.50656237855 -0.576262277792 1.49186670194 0.38995639847 9.81055109027 5.58768425288 
0.0143444540093 0.215278036804 1.9903362164 -0.968743086885 1.33807783275 2.27719745417 
1.53214278078 -4.20685593127 1.63216461062 -1.20587859338 3.14263007627 -0.096631285976 
0.767889013687 -1.03376217853 1.65391600734 2.17378616473 2.48850599492 -0.72719484548 
-0.456534831038 -2.09141377061 0.736020969061 2.65022547805 4.83091134593 5.3991804708 
-0.0311862618618 1.67319139876 0.666790431568 1.19554279101 1.77675828476 1.48595999668 
0.241197555081 5.59044225086 -1.53427305939 0.397792088847 -9.22513482699 -3.65627826618 
-3.11390407912 3.85496687267 0.226740094623 -0.400374856297 -3.54590333067 -1.40303624895 
1.63085928079 2.07616190619 0.196877195687 1.11722147843 0.900256337034 1.9361884569 
0.447591618637 4.18069509524 0.506244844212 0.57576657639 -3.0479733129 -0.923525759132 
-2.70136384748 5.65423543636 0.311576129601 -0.959087701618 -1.83650262498 3.40645468934 
1.33036615297 -1.5930002233 -0.00208577033588 -2.02519655318 0.810694243548 -0.87812446681 
-1.65084877058 
1.27905283377 
-3.30013259145 
-2.52984542679 
-0.857199044369 
-1.02112601948 
