2.69346953452e-06
0.999999999177
4.81447981482e-09
0.0
1.8198522362e-05
1.0
0.999882469112
0.0
1.65637503713e-11
0.356873649295
0.999999021559
0.99998925115
0.0
0.924788907817
0.999694255609
0.999999993354
0.140757597016
7.69016112395e-06
0.999999998782
1.0
0.0
0.0
0.0
0.999999650747
0.999999650747
0.999998421655
1.65538804886e-09
0.0830821976172
5.55111512313e-17
3.97279820152e-10
0.0
6.05270454361e-05
0.999984306979
1.0
0.0
0.0
4.7422699101e-10
1.66533453694e-16
0.999999999128
0.0
1.11022302463e-16
0.999999995474
0.999772775055
0.0
1.11022302463e-16
1.0
1.0
0.0464429453805
0.99999644642
1.0
1.0
0.999985478542
1.0
1.0
1.0
3.72479824762e-14
2.40996178569e-09
1.0
0.0
0.0
0.999955081686
3.35547559493e-06
1.0
0.973288889398
0.0
0.0
1.0
1.21523149876e-08
0.0796538273214
0.0
0.999999999998
2.18088325177e-11
3.08497866142e-09
1.0
0.0
0.999999999075
1.17393411847e-06
0.999868897789
0.000591926495519
0.998912453704
0.0
0.999999088936
2.46968011042e-07
1.0
1.0
5.51076073663e-10
0.125228581911
0.0550328360926
1.0
0.000170198814
1.0
0.0
0.99999777158
0.999999997395
4.31321645067e-14
6.86672940731e-14
0.0
1.0
0.023999997754
9.83972903157e-11
0.999958045804
0.999999998092
1.24733556817e-12
0.999999997372
0.999664595593
1.79301018477e-14
1.0
0.0
0.999959202136
2.12044267145e-08
0.0
0.999999999992
0.0
0.0
0.996639775031
0.0
0.13064553099
0.0
1.58206781009e-14
0.0
0.0
0.999999989803
9.70495905861e-12
0.0
0.999741253329
0.999741253329
1.17095888541e-10
1.0
0.999745992465
0.0
0.999999997406
1.26048970206e-07
0.0
4.72263228524e-10
0.0
0.99999951295
0.0
0.999642261832
6.6389322595e-08
3.24688443903e-06
1.55493057319e-09
3.25803805656e-07
0.0
1.0
6.45655003351e-08
0.999999529507
0.0
0.99999999969
0.99999999991
1.0
1.67647042471e-07
1.0
0.0
0.309824435416
1.0
0.0
0.99999999413
0.0
0.0219047567576
3.32129255765e-08
3.32129255765e-08
0.0
3.16766233138e-05
0.0
0.0
2.6036395262e-12
0.999880976004
8.77076189454e-15
0.999882937425
0.0
1.25286725439e-10
4.05635525169e-11
0.99999971784
3.48610029732e-14
0.99999978948
0.408013812847
0.0
0.0
0.0
0.0
0.0
0.0
0.0
0.999999996907
0.0
1.25455201783e-14
0.0
0.994613869646
0.999999995472
2.77555756156e-16
0.0
0.999996169262
0.0
0.999878615083
1.0
0.0872364901638
0.999974303212
0.0
0.999863121339
1.0
5.34935390162e-06
0.999866904859
0.999999994806
1.0
0.999999999998
1.0
0.999886086567
0.999886086567
0.999886086567
0.999886086567
1.16573417586e-15
2.85321018478e-08
0.0
1.0
0.00369921096207
0.00369921096207
0.00369921096207
0.00369921096207
5.55111512313e-17
0.0
0.973246145708
1.7975532729e-09
1.7975532729e-09
1.0
0.999378389773
0.999958539824
0.0
0.99999999691
0.0
0.0
3.45327400009e-09
0.0746100734018
0.0
0.999965130116
0.00479572353705
0.999999999091
0.00741041551398
0.999746383473
0.999999996326
4.55670001731e-10
4.55670001731e-10
1.0
0.0
0.0
0.00137701907567
0.999999999999
5.18697117043e-05
0.99999999733
0.0
0.0295297654496
1.0
4.90297802358e-11
0.0
1.21569421196e-14
0.702193754925
0.999999997407
0.0
2.64153811761e-05
0.0
0.0
0.999945559593
0.999999995731
0.0
1.66533453694e-16
0.123304175351
0.0
0.999883809008
1.0
1.0
5.26934051948e-10
1.0
0.0
4.85067930267e-10
0.999999999883
0.999999997
0.0
5.6399329651e-14
0.0
5.55111512313e-17
1.0
0.99999998041
0.995903034255
0.96897197834
0.0
0.0
1.0
0.999965902842
1.0
0.0
9.07564235468e-05
0.0
0.0
4.32197319766e-07
0.0
0.0
0.999998443067
4.48530101949e-14
0.999999619264
0.999999999934
0.99999999972
0.999999998996
7.24717393485e-07
0.0
6.35780688751e-05
0.999999998106
0.287496707555
3.70659910626e-06
1.73402297576e-07
0.999611983229
0.999999999998
0.999999999998
0.0
0.0
1.89622872959e-10
0.999746084656
7.18425319235e-13
0.999410668051
0.999999397031
0.0
1.0
2.98094882112e-14
0.0085697709596
0.671272401591
2.53116152482e-08
7.02026436983e-10
0.0
0.999480679431
0.0
0.0
0.000129269343221
3.26829001307e-07
0.0
1.15945982853e-05
0.0
0.999972504842
1.80948872637e-05
0.999999997899
0.0
0.999999999772
0.0
2.88799317794e-10
0.999955031728
0.0
8.43769498715e-15
1.0
0.0237361310601
0.999751410076
0.0
0.999929490162
0.952460734137
0.00634654085014
0.0
0.0
0.998592010734
0.999999998314
0.946427965913
0.994711210691
1.0
0.99947764753
1.06710268194e-06
0.0
0.0210073320765
0.999999884631
1.0
1.0
2.96818125634e-13
0.0
0.999942703593
0.0
0.999999997881
0.0
0.999999999263
0.0
0.311977071462
1.10010941423e-06
0.0
1.0
0.0173856114595
0.0
0.999999771753
1.0
1.0
4.42645422287e-05
1.0
5.88418203051e-15
0.0
0.999999998747
0.999999998747
0.999999998747
0.999999998747
0.999999998747
0.999999998747
0.999999998747
1.24351907431e-05
1.24351907431e-05
1.24351907431e-05
3.66889357442e-05
6.16562356726e-13
0.99999999999
0.0
0.999999999062
0.999603356631
3.0362212744e-10
0.999999999353
0.0
1.0
0.999541976702
0.311412070399
5.17919040988e-14
5.93414206662e-14
1.87128090801e-13
0.999941672381
0.999995081604
2.54854731041e-07
5.07726749227e-05
0.999999999598
0.0
0.0
0.999779936197
0.999264431975
0.999999997707
0.000814143056893
0.999500785205
0.999500785205
0.0
1.0
0.000146642805702
1.0
0.0036772230448
0.999999998962
0.0
5.2874093992e-11
0.0
2.2699901403e-09
0.999999999823
0.0
0.0
1.0
1.0
5.55111512313e-17
0.00423345209017
0.999930667956
0.999930667956
0.999930667956
0.999930667956
1.0
1.0
1.0
0.999998185378
0.999999784841
0.000121701294841
0.999997352057
0.0
0.0
6.52993773118e-05
0.0
0.0
0.0
1.0
0.0357655588719
0.0
0.0
0.99998966306
3.27731930483e-09
7.81597009336e-14
0.000377717679285
0.999668203918
0.999668203918
0.0
0.999731279044
0.999763901346
1.11022302463e-16
4.08398315166e-11
0.0
1.0
1.0
0.0
0.00741010538369
0.999999999982
3.04989568489e-06
0.999998653328
8.54871728961e-14
1.0
3.04295175169e-08
0.0
0.0
4.19586587697e-12
0.0
0.999999994247
1.0
0.0
0.000104637800691
0.999999999996
0.0
0.999999993765
0.0
1.0
0.0
1.0
1.0
1.39793567472e-06
0.0
0.766713936138
1.0
0.999999999445
0.999999999978
0.999999999978
0.00860406720019
1.0
0.0
0.0
1.25140142693e-09
0.999999996956
1.0
1.0
0.999995775056
0.0
0.999999999996
0.0
0.999999996903
0.999903618355
1.0
4.10007711116e-09
1.0
0.99987861767
0.0
0.999999999958
1.0
6.16173778667e-15
0.0611128156187
6.23525675536e-10
3.48113371462e-10
1.0
1.0
7.41980310526e-10
0.0
0.99969938425
4.2580938775e-12
0.0632364416688
0.0
0.999767169571
0.0
0.999999999997
2.22044604925e-16
1.38546396578e-11
0.9999999976
0.0
0.99996311822
0.0
0.000999825677346
0.000204441988967
0.864320563596
2.65454325188e-13
2.27650165385e-09
2.27650165385e-09
3.12305736827e-13
0.0
0.999999999907
1.0
0.0
1.86471005303e-10
0.999999999999
0.999758141769
0.999999999177
0.999149689144
0.991455237427
0.925827650623
0.00143734927446
1.14946777611e-05
0.999893176342
0.0193171360145
0.999737318159
0.999737318159
0.999743246028
0.0
0.999948935023
0.0
0.0
0.999999990305
0.999999997734
0.0
0.0
0.000144459719135
5.55111512313e-17
0.0
0.999999999616
0.0
0.999999899586
0.0
0.999999995073
0.9998761408
1.27675647832e-15
0.0
0.999999996975
0.0
4.86580031106e-06
0.999999713069
0.0
0.99994609578
5.24580379135e-14
